Sample	1.0	2.0	3.0	4.0	5.0	6.0	7.0	8.0	9.0	>10	>50	>100	>500	>1k	>5k	>10k+
GRASO_121	40.669423278783576	8.735805942882141	4.042847335701282	2.5814286178222257	1.8616792908272974	1.4312719309051694	1.120707171202483	0.9055882037523542	0.8400993204459164	9.209064823912863	2.7450640119817415	5.363393577697467	2.068799694746467	3.9150359730584525	1.2164836047658998	13.293307221514429
GRASO_122	44.36982577953781	9.08025311608758	4.172176139819049	2.688472447213822	1.9536705213775338	1.5318412359446127	1.197386437511306	1.0346802735272858	0.8393197377423993	9.458659547155289	2.756846352516788	5.002739984068401	1.6554228671718414	2.9873425390738726	1.135129105288083	10.136233915964254
GRASO_123	23.918910092956505	5.293132048674941	2.405547587093395	1.4626329642014646	1.051745212979306	0.8108575446623703	0.6264073960181241	0.4952270306600848	0.4660784162032477	5.299687018918753	1.905947198120061	4.378642634859753	2.0336675038224925	5.3089327710565755	3.0085319752443374	41.53405260452865
GRASO_124	35.73183202622008	10.209710442190573	4.3904260617544555	2.4944701144590735	1.7930045394381076	1.3400683656331736	1.129514838996577	0.9560284686974005	0.7693830462194803	9.460919913444027	3.2768796926285746	6.5584078935442145	2.6319467671487957	5.293693008177408	1.8211050750214137	12.142609746426638
GRASO_125	49.09529049062524	9.479826548722462	4.155867152522443	2.5153208077400815	1.7168142316040258	1.335135334830673	1.0449808462382086	0.8560670194321293	0.6941658675558173	7.402617044722179	2.1125469951923486	4.175403552847238	1.472908702581796	3.1427004948490835	1.1479514924049856	9.65240341813118
GRASO_126	37.53928227736253	7.190603528997537	3.4040529070133307	2.107285993549475	1.4777069944733303	1.165195982604243	0.9236321771032237	0.7326634153683974	0.6395588678729249	7.3589811669939555	2.526049112962266	5.275011407267542	2.155829494173431	5.352681049186534	2.056585544708873	20.094880080362625
GRASO_127	43.17263752974807	8.752369869197185	4.336318590289777	2.8322883510554377	2.091427051529584	1.5888767240268251	1.289801172290762	1.15576258884282	0.9173261080698303	10.890973293284526	3.1937632348446066	5.480279845725282	1.673394115638633	3.2273038232069324	1.2151748500283257	8.182302852221532
GRASO_128	40.51464620784653	8.667827060106426	3.8853236450633135	2.452964209784745	1.663376375369439	1.296440010044598	1.0627244366642603	0.8574933097509712	0.7673339887491397	8.601112236975618	2.59679735379424	5.233098647498405	1.9302303246143369	4.320409250087898	1.5482503860676362	14.60197255758246
GRASO_129	15.035201595221833	4.797375141367159	2.313636836490463	1.3706486790610408	1.052836202324774	0.806084370503156	0.6657658097652333	0.5898903939679176	0.5014790681742964	7.460201139275833	3.2257047638551994	8.281501045739809	4.596249366269069	13.20326310622927	6.553801555049718	29.546360926705244
GRASO_130	40.589026501636695	8.540267235861632	4.114879057767972	2.696324990531345	2.006969558701773	1.4704828083050563	1.2503848874635126	1.0649961176216436	0.9234754832519441	10.520675630647986	3.026965853994805	5.406923376709055	1.584509791966932	3.1946340138078058	1.2080634332660898	12.401421258465884
GRASO_131	41.41646210866399	8.681145090556159	4.122161153418873	2.590158598363123	1.8792473044531772	1.449846405081579	1.1687861640699033	0.9261947702856762	0.7823476787945766	9.210261384440873	2.712460263497293	4.539617898885403	1.559197846556528	3.554583282540085	2.1267536770320885	13.280776373360577
GRASO_132	41.67491768126997	8.568501125784483	4.096020883106726	2.6735952229125366	1.888103419598959	1.5103125568928086	1.1925136019255882	1.000521575166687	0.872657148866708	10.194337697278845	3.0873106965827155	5.326102253844761	1.647486881400699	3.5978461415961323	1.3880077613849435	11.28176535238742
GRASO_133	38.167057250982914	7.877934678356084	3.958111498319788	2.516555295409788	1.8872747117485693	1.4745082153491027	1.1714418320251119	1.0171735545113267	0.871124763128481	10.165511105406058	3.323838886447824	6.280459008560402	2.085218717714877	3.9893984077131637	1.671885998410388	13.542506075916203
GRASO_134	32.67037470190473	9.52211844479879	4.370302995306452	2.509181534298048	1.807016114973307	1.4431017432238966	1.1285319460821532	0.9699029948361356	0.8158037420012492	9.92389813019607	3.143546896499066	6.0390352527291675	2.4052735892454513	4.808802972953498	1.5511618991021687	16.8919470418499
GRASO_135	43.44434991566389	10.468397971001544	4.541910176245405	2.6945596831513234	2.0049323217628308	1.4847515733301373	1.2027771527570865	0.9635509586328129	0.8422466895492351	10.141745775768651	2.9940048888070203	5.485214578036319	1.9871939774279639	3.8911252021701883	0.9220316472886687	6.93120748840699
GRASO_136	38.64161256204845	8.628502087668751	3.8477159921326227	2.4497662148266737	1.7561241421152798	1.278317894776419	1.1086450660378788	0.8779979860754665	0.7131141105030799	8.317232109936832	2.5594917669906434	5.208623072539923	1.8266490900132981	4.306925441000608	2.124867000451208	16.35441546288287
GRASO_137	31.501898787128162	12.146745272866218	5.448019267703661	2.6500327047867778	1.6289574899332853	1.1370877048747143	0.8469132119715774	0.712802229079247	0.5738027241432894	7.003965437941723	2.4936564174954374	5.373782483941833	2.385131935645561	5.532600137902847	1.5444753365157007	19.020128858070034
GRASO_138	41.511405048692126	8.816178870867793	3.9499805254828435	2.4954251576430413	1.7346654294538717	1.327918418144451	1.0587266846994572	0.8443387405167027	0.7549116102047786	8.623147792162555	2.6753181523642042	5.016236154470486	1.7755025919251692	4.0588763655408115	1.4030744323449487	13.954294025486716
GRASO_139	44.30654309733815	9.717541312918412	4.078558790143865	2.349774913104433	1.5453968814882435	1.1771103404087804	0.9332351827107864	0.8097461232045569	0.6388876113524259	7.43123373435477	2.122058932774431	4.201752910297095	1.5213519519486915	3.2253707367216777	0.9667837302240516	14.974653751009704
GRASO_140	41.5224978262972	8.055808647766554	3.630445783336078	2.2655275372121975	1.5929980187198174	1.25530508608886	0.9939366505664614	0.8540738357819698	0.711513676524102	8.430362961980158	2.8822568089181217	5.487531505203305	2.147796251148941	4.847514321763813	1.6170815366062983	13.705349552085986
GRASO_141	44.37821319264627	7.768031358784507	3.3595247305706692	2.1122468217446158	1.4161642440190636	1.1254075022620853	0.8884350532135052	0.78722057842761	0.5876325514081125	7.329927299970741	2.3044733789403438	4.512186079735718	1.717563420822751	4.00364129048861	1.5673871875914482	16.141945309373966
GRASO_142	44.76493375645747	9.056817162982323	4.009044223148519	2.4429520933048168	1.7651496872933488	1.3683691809075633	1.1062684358479609	0.9181408667679222	0.8025837532355933	9.09213450738396	2.710855016564569	5.143822629671672	1.7413501915448109	3.749084897443035	1.1621825215462855	10.16631107590026
GRASO_143	15.420689789260255	5.6714844393518975	2.648320666871778	1.4566745764985976	0.9188038909124683	0.7215514389003066	0.5827479821083192	0.5024224443968395	0.42909227920835663	6.2593954029847385	2.606889758745519	7.183199694088895	4.0004362845453665	11.307717086933462	4.595776222589216	35.69479804260392
GRASO_144	14.797197329592393	3.1457675985454	1.5331221969320938	1.0979039180914967	0.8518003247772524	0.7193650635787153	0.5930509562675829	0.5440089799846688	0.47383784849817445	7.502342101272602	3.4878772161705207	9.545670882307412	4.873842897889453	14.228189262790172	7.4015725994234005	29.20445082387864
GRASO_145	34.13822980792052	7.932128221361657	4.278537193670308	2.871098575397996	2.137267825656728	1.6694617564958478	1.3983214933640047	1.2433569161943996	1.0322200819920393	13.110176303318555	3.9811027939331605	7.046958725473733	2.3420044034938234	4.018538568076928	1.297710592348571	11.502886741302028
GRASO_146	28.00677576803214	6.312082486605377	3.0257607801236137	1.976242421925192	1.442505094955022	1.1265103653324176	0.9725156220650175	0.8325864382216658	0.679655098202082	8.92656659238597	3.368120208767051	7.886752714185606	3.9719059677534254	11.798748034745909	4.462414932682595	15.210857474016882
GRASO_147	38.71589876086025	7.989315995299888	4.105493806530971	2.7178593078932574	1.9822429723503867	1.552388984355704	1.2543211884679888	1.0268479505458141	0.9005789856542379	11.061523141776263	3.5683286678573274	6.950611604663893	2.9060139903690883	5.5582390891787545	1.6265364861370948	8.083799068059093
GRASO_148	36.20203300939468	7.875732747804546	4.085427481860411	2.7294432336969146	1.944163372977008	1.580765761733421	1.3162581263365642	1.128471486427547	0.9571133051133369	11.870909872506608	3.796530072818812	6.962755017573123	2.6669204800638258	5.159701058778834	1.511485231223356	10.21228974169115
GRASO_149	42.22653268822331	8.120539389967062	3.8998610681585437	2.4837622072883767	1.8171685928289276	1.406688349327439	1.2383191444000934	1.0229866701020958	0.8150031678205953	10.158214677492772	3.3453692257552277	6.686190107801263	2.71112071641088	5.001306572415158	1.5289902090959424	7.537947212912284
GRASO_150	35.33277318233719	7.562728437219346	3.867705405546098	2.6164483751792154	1.9133492700719001	1.4728486886562389	1.2396794155285078	1.0020338459343128	0.9123608516158874	11.258619695376623	3.6777755343034353	7.425591018577704	2.8167538048117784	6.775832275620501	2.1035891744403044	10.021911024781017
GRASO_151	32.53628872293589	6.956875320785118	3.6964000811322215	2.473509800447683	1.8605722114985432	1.4564264920915253	1.1864076064183793	1.0117465737076752	0.9002641940437545	11.087177770758252	3.674383766222168	8.119204213857302	3.4563081326357965	9.113993011658984	2.6934322766956647	9.777009825110943
GRASO_152	39.819038963140095	8.645531224985154	4.32936449527916	2.7636232108634435	2.0750742992554327	1.6697882674197757	1.3216823143222978	1.1325769571776425	1.0414054998832767	11.603578611149487	3.4567280971448318	6.517827326588608	2.1561753797703997	4.410834587651155	0.8758544721860738	8.180916293183403
GRASO_153	44.59666438911153	8.611096628484438	4.084675256044463	2.601642035866737	1.8536226714671336	1.4216804438812105	1.0983983954727135	0.9403968506197263	0.7777941334432383	9.334114504954183	2.797452161334548	5.2186899382127265	1.8094242285660929	3.2529042363079324	1.0443177129256902	10.557126413307884
GRASO_154	51.50852657701434	11.697840697065727	3.988223577391458	2.0671129030275717	1.400160883389819	1.0252293311169347	0.7727505282439997	0.6557313141032008	0.5340794955179836	6.215128664027744	2.241633573677752	4.367760502204943	1.5605924329544343	3.3865868850507437	1.017407880996528	7.561234754216789
GRASO_155	39.1462669915422	8.379636093428633	4.116248239445388	2.6187807213203156	1.8519542369388877	1.4988526848189796	1.241438393588025	1.0211472547807652	0.8879540170370754	10.257828930350273	3.2465239552730325	5.98166755979153	2.060506160421001	3.843845870328261	1.615977282493633	12.231371608442116
GRASO_156	27.597806811727864	8.924711740001529	4.302040210626318	2.6592363942072184	1.8667868214294638	1.5021676878764423	1.217105660272729	1.0345679794397422	0.8769703145252947	10.673840512701819	3.51615267092992	7.1826514494734175	2.7183814681771468	6.3228648835650825	2.460174321360532	17.144541073685495
GRASO_157	45.46736041378853	8.79769522749724	3.8146002580364553	2.469605078062954	1.7410772927771427	1.310576537541278	1.0741896247485465	0.9408515747959247	0.7749803871655013	9.259743859996114	2.990327771877681	5.584704589290216	2.028336899199635	3.6100483905000202	1.0198208867164307	9.116081208006499
GRASO_158	40.26508040570568	9.013006233842127	4.111683055786742	2.567398295241288	1.9535305942789418	1.4865661853307321	1.1950608269420373	1.0197582915307175	0.8339438474086587	10.401572483758466	3.190866830480362	6.060206959578408	2.158134145256946	4.311618012314867	0.8252679026305418	10.606305929913336
GRASO_159	41.262112908772686	8.576235042504363	4.396516217009941	2.793329421198406	2.0918057270131913	1.6267926043750984	1.3738910335604144	1.090371985624509	0.9505576617952727	11.338358057390462	3.334290458007035	6.060312110774988	1.9582034890442053	3.530651480638425	1.2011849722793353	8.415386830011785
GRASO_160	39.325317103125116	8.254223753412612	4.291791032210508	2.834947048085801	2.14927357944307	1.6308284481203725	1.4399149471564892	1.1779556795898232	0.9988241318172651	12.072415827523947	3.7538209291038784	6.520409886031674	2.1141684246160075	4.207506972492305	1.079570096477191	8.149032140794231
GRASO_161	39.80968309926516	9.05946076151955	4.074765106053242	2.6005770882505113	1.7947056179190635	1.4088675377031152	1.0782741853699362	0.9530086984162923	0.799730957813329	10.027244554618006	3.2863481858828836	6.168095874309341	2.372172791067574	4.588527560699938	1.288021393666057	10.690516587445968
GRASO_162	39.871465236630705	8.919566515603632	4.256979435665988	2.775672036358982	2.0860368111677885	1.6447905413104802	1.3776242092983748	1.1149788549933821	1.0118100067842413	11.509073058880256	3.596983104314871	6.37941296182925	2.314974963077321	4.660564009070281	1.505963726470305	6.974104528544162
GRASO_163	36.56246093305019	8.051524967868684	4.076442530891185	2.7330327638881777	2.013851721177112	1.5228714155226692	1.351774347837575	1.0918595893187313	0.9680667896150073	11.744107303771074	3.8296395257977838	7.231157888292887	2.8320108905526116	5.644441501042283	1.5668842291379732	8.779873602235812
GRASO_164	39.91916877619231	7.729057788408186	3.7451622978321395	2.4655156168074583	1.8677799520058658	1.3875861258070137	1.1806018982521675	1.000259591787483	0.8702230342541106	10.449043587736634	3.5632354500982606	7.208915254067438	3.224290491124293	5.626136154727277	1.5303926000758314	8.232631380823456
GRASO_165	37.93332270119089	8.351146545489271	4.27283668577787	2.9253931723527313	2.0503331089465338	1.7130045415203556	1.3705863932928557	1.1369240796167477	1.0566670931476514	12.470148269185941	3.908813510164609	7.084985936890169	2.5740203488223528	5.139102004276575	1.69536906904332	6.317346540282124
GRASO_166	40.38969060138499	8.512217020339186	4.172580175010519	2.742609653879224	2.107280461653928	1.6002393489098539	1.3097056849681663	1.051134155541996	0.9353715101103414	11.353233340232542	3.6402296346958596	6.513930284036541	2.5460736826772354	4.622265663818095	1.2987955994988343	7.204643183242676
GRASO_167	30.30959689920628	11.734403975348387	5.517517347108848	2.8614409769358793	1.860602981542497	1.3818678741774157	1.074773332283179	0.8311092931175317	0.7168330149985535	8.253253494586057	2.5258521804509995	5.029576121167034	2.0700773285685217	4.923080298887051	1.3464740126672694	19.563540868954572
GRASO_168	39.637454942958136	8.070266831680371	3.975571554332871	2.520719096562476	1.8843983575444014	1.4659559861891933	1.1999624499527786	0.9603885940142172	0.8598708876522903	10.184586486176043	3.2788787137922686	6.121029320604233	2.357152391412006	4.424040433058288	1.4444153130811417	11.615308640989157
GRASO_169	20.418629678311024	5.793763963983042	2.707556066145702	1.6940255367133288	1.2169602023474382	0.9721098881924363	0.8120473962220813	0.6958971242744387	0.5887977014278154	8.206529873378415	3.166197712859424	7.719548945275088	3.702007518335263	9.07095545697007	3.4787754452024062	29.75619749036217
GRASO_170	47.56856304041942	9.451533787774203	4.6419238169238355	2.990805681672541	2.0350229265299595	1.664503064625257	1.3810111897507127	1.1110969268064839	0.9233518859341237	10.390523114186458	2.9149090438195318	4.948088830948474	1.384353731514428	2.588028889824931	0.8982896378910613	5.107994431378538
GRASO_171	49.180956719150885	9.22459605123026	4.6188646816755465	2.987025418648848	2.1586367212305015	1.7069699178518107	1.2951463006184862	1.087717700741147	0.9199751790206219	10.47904774410009	2.823455208891409	4.590084368516911	1.382792442276083	2.5227947851321333	0.7995778592666182	4.222358901648636
GRASO_172	34.39580343007839	9.060943876323147	4.286009914707684	2.6284187453986356	1.9499914782724381	1.5394961751415401	1.2621844543852136	1.0631418669029176	0.9383096405046714	10.853366133336353	3.2985016155895908	6.12637861031296	2.398826549285352	4.527751672335095	1.5072540486771764	14.163621788748681
GRASO_173	46.533275111778735	9.18346420410449	3.9703644917997294	2.4682203336279738	1.8833238132807624	1.3799968779914489	1.1792933952220253	0.9505136802857497	0.8050650248107671	9.081495822623395	2.5788363705712936	4.967974654993097	1.8458786028757006	4.016294514865751	1.4283122834567248	7.72769081771254
GRASO_174	55.4772450415927	10.956635698775175	4.839597943540356	2.9973192288450936	2.1360808962446356	1.5592975745839681	1.3275645040346313	1.029273159213156	0.9245342836147659	9.485414528447649	2.2716406638739266	3.56227926230799	0.8667053859456373	1.1406314358975604	0.18737253575209886	1.2384078573306958
GRASO_175	41.15618772787648	9.312374807521712	4.264821852358496	2.7391384785314705	1.9267320752709	1.4748279961323716	1.154763812919274	1.0714433348091816	0.8759747932237433	10.713793681606736	3.2705488541807375	5.993387097562241	2.1407330848769757	4.089299185357508	1.1823521582627319	8.633621059509121
GRASO_176	48.53772078187301	10.538011753286318	4.530777969888447	2.6574216937767847	1.8003579378463561	1.412402198817762	1.1231139693845835	0.9506308238356048	0.7598674300830189	8.650193340034532	2.536934128670792	4.105294262967292	1.2651186942206434	3.219942703090928	1.174423503821387	6.737788808402385
GRASO_177	57.03033363944295	9.858296092763885	4.316649695036273	2.480625762847135	1.7080319737217127	1.307335536352228	0.9896379389673255	0.8390298572787983	0.6444372456031825	7.433378501844326	1.9107405994639644	2.9854600597282914	1.169825583240784	2.14137084423715	0.7186265665879432	4.466220102884214
GRASO_178	55.49920839333192	9.686987741856855	4.4178530024348195	2.670240440659887	1.9224967821551593	1.4561203428129188	1.1705327258332818	0.9823349522104726	0.8273104219864263	8.882324678802565	2.3325248540819183	3.460627118093057	0.9940539452230625	1.8918412635916864	0.4872433755717791	3.31829996135392
GRASO_179	59.244550744290336	10.41836830452348	4.1066824851251145	2.341786520505143	1.529174772543187	1.153914596648104	0.8113022570175263	0.717279721970402	0.6137410288324094	5.983151532637184	1.810916403442447	3.5032434411646927	1.1579279560382758	2.006470576221586	0.8921180771635198	3.7093715818763897
GRASO_180	50.341667296646506	8.990605165227686	4.044479343404237	2.4601778563057324	1.7475683608191086	1.3289309129973288	1.1155626038739088	0.871503784063916	0.757724436748502	9.05733026703819	2.652028634367297	4.757821272284205	1.6210494636564783	2.8900174038888538	1.1776961211521915	6.185837077526035
HIGADO_01	28.809244080804703	6.852706841875804	3.7180900408634705	2.6122063581632573	1.9444593497778537	1.5474148945766544	1.2834424444362955	1.133527112320242	0.9643725664647902	13.630996139865204	5.399161431355162	11.981498633554757	4.429201442091989	7.234204726137914	2.274594265008832	6.184879672703221
HIGADO_02	25.297771079260382	6.30331638787998	3.560831175298087	2.4446460586229533	1.8494601304327392	1.5229957463642445	1.246058357999513	1.160343380199415	0.9584247920418296	13.825277526572414	5.605524583162047	12.361398869346337	4.829081024732373	8.945018083677963	2.774443202968407	7.315409601441471
HIGADO_03	25.167842627951444	6.16456234714028	3.49742740011511	2.522529908807873	1.9168424678250413	1.5497920936241572	1.2184590925463878	1.0518375507674684	0.9591495690726065	13.976050689872107	5.704550789210926	12.339469839228242	4.726777790392699	8.471630132568793	3.1266647525325904	7.606412948344343
HIGADO_04	27.561948233688543	6.318641962797328	3.5278003629073025	2.3707060077027835	1.7266437238069001	1.4080027788259175	1.185853557696629	1.019526866661081	0.8650539990701915	13.103367650128838	5.068435825221971	11.508778899855896	4.433575784765444	7.716141750455385	2.454951154046407	9.730571442369246
HIGADO_05	27.615467354853564	6.953790517359919	3.8241773127675383	2.6285691835839606	1.993635101216749	1.6493005502218308	1.3083242042460028	1.1748462572391514	0.9908906668989073	14.600804165939065	5.820433608305442	12.489017098306364	4.711801931791569	7.951406367641164	2.412481919233112	3.8750537603956867
HIGADO_06	26.722861124782355	6.497619478515973	3.500885404815647	2.5324444212129253	1.8757606331295342	1.572521252119758	1.2951162157857339	1.0876601892692683	0.9188547399696743	14.017590365334245	5.7488093083131995	12.610317611637308	4.947728445411265	8.8879851726479	2.2558812270120137	5.52796441004321
HIGADO_07	23.875092010117758	5.914648217848393	3.4816489750025723	2.3837137868671654	1.8009490006895061	1.4853507271346238	1.2705625735661867	1.1083403487754506	0.9569289183616827	13.627181861488346	5.496064720296996	12.517700576577214	4.981814287076445	9.429256070791478	3.006229488413861	8.664518436992402
HIGADO_08	23.92348680248	5.763989393800474	3.2722808882785093	2.2648399276858338	1.690386244081534	1.4032664189846868	1.1383814526862706	1.053771824174155	0.9579264053093364	13.297230035898721	5.590866431853621	13.074698746147412	5.4572432851771335	11.083923613405382	2.8350878114587212	7.19262071857834
HIGADO_09	28.785876039256443	6.660727114036	3.4866209071937937	2.417741460653093	1.841000601103688	1.4649731870067475	1.2069328038076437	1.0327497964129295	0.8920239905383631	12.76009968617097	5.339376570597273	12.176709586831027	4.914511229123848	8.161690579046324	2.4098698748319056	6.44909657339013
HIGADO_10	25.59880279377124	5.783411520130671	3.3006546449961287	2.273932259839547	1.6787455508894304	1.3922652399316287	1.1482063931890367	0.9875051723275723	0.8533946864651096	12.63991376158221	5.054903621451639	11.712494706707512	4.416120001076607	9.142551220700561	3.1628431726578294	10.854255254283238
HIGADO_11	27.344606301749668	6.473596761014459	3.530945329891935	2.416554005615849	1.8018340567180966	1.3744684592404184	1.2669374161089506	1.0325821458703972	0.9058996796013373	12.79276259695543	5.1887383996827445	11.986390304492964	4.550011549788959	8.696066314687126	2.4984460285204153	8.140160650061304
HIGADO_12	25.251084798731586	5.874839781241745	3.288772681788511	2.263826355428187	1.739079731546745	1.3694964090609607	1.141891914212161	0.9915044886790042	0.8664069193554157	13.083394267826137	5.524729759143618	12.51815500623475	5.023042364352644	9.843614170918498	2.7581979181958585	8.461963433284298
HIGADO_13	23.16625863334241	5.947369055185233	3.369078343532756	2.3394659298960505	1.7310155166406092	1.4197535036382702	1.2179437101118344	1.0877306705468321	0.8968313831115398	13.359963078591628	5.423098059199965	12.132663279947922	4.583184500967458	9.147854069523529	3.6277163936814523	10.55007387208257
HIGADO_14	23.691414739039367	5.99205981091494	3.3910490609840442	2.3780287480332367	1.7608644714321282	1.434048318065642	1.2405168012276833	1.0450364047489353	0.9148245440203047	13.255702655870504	5.303196002406669	11.638236189803267	4.259911076910427	8.637666656590227	3.5710264177112467	11.486418102241508
HIGADO_15	24.099476037121562	6.022300463735974	3.4171859650365612	2.356364142670059	1.7594417243339402	1.486639276356457	1.216079375655784	1.0514463836004662	0.9033268667470802	13.215210566277289	5.384632890457855	11.621327434979374	4.414416945338292	8.821326975966095	3.2168973397115606	11.013927612011845
HIGADO_16	23.723868354674156	5.837186907556506	3.2490013211520923	2.2350103486251633	1.7526573387080888	1.4433649084459657	1.1665880349098787	0.9724105519040573	0.8599845699916998	13.00254526247051	5.263581139544834	11.779634219203668	4.737965399660502	8.88614713906829	3.554681373317651	11.53537313076672
HIGADO_17	24.009660722701028	5.9858224078288345	3.401068135035551	2.3566916731483545	1.7593269837571517	1.4793361297865608	1.2778744133385112	1.0488821660330527	0.9340413390798061	13.362156905937047	5.640585449879991	13.027253810846275	5.2875323506404985	9.649579924142344	2.766867956241818	8.013319631603089
HIGADO_18	21.0936035169854	5.294086322370662	3.0014675176148127	2.0750991774880085	1.6338782675151684	1.317931620694234	1.124227051901764	0.9391104747559815	0.8064894282309147	12.390499084324818	5.2006839251410755	12.536883436268468	5.325971104286516	10.735525530209813	3.7528143148592714	12.771729227353381
HIGADO_19	25.67371777836432	6.53935387909569	3.6055346458007222	2.4681806583041577	1.8424643559930565	1.5319275992463282	1.3169386485566648	1.0883920395683886	0.9383943786839581	13.46129692491431	5.479436443225408	12.024426046798846	4.463901922740476	8.584629266309332	3.1029336977032895	7.878471714695221
HIGADO_20	29.19962910047739	6.767742920509677	3.6813402750498248	2.4850760166722825	1.8330082031198107	1.5227862105046654	1.230323543760681	1.1334101268903465	0.9777459867422872	13.573805386649388	5.367027080814997	10.68886495542987	4.030794483270488	7.690387372415068	2.637059128987746	7.180999208705501
HIGADO_21	22.929586828722915	5.963334781738696	3.3044837111529715	2.386166994717721	1.8110455891426298	1.4871499500849992	1.2503607601475144	1.1115072367808079	0.8959129085020483	13.655636115073449	5.429310150942163	12.267788976861286	4.7480056432486375	9.624506262805804	3.0047785473816804	10.130425542696457
HIGADO_22	26.65581642785888	6.5270801517058	3.563845453282699	2.459254430147932	1.8207056214598278	1.4537576910012662	1.2510032865047536	1.024174546664932	0.9166923606218423	13.055160080621024	5.170005568235436	11.184991238798709	4.535337762647475	8.609943341156082	3.2596227735698395	8.512609265723475
HIGADO_23	26.015048065621656	6.31391802189588	3.5262556110535095	2.4545689636446357	1.8818516165812178	1.5356111220557447	1.2642654038377978	1.0771798623750675	0.9558810725306744	13.501828674809365	5.346576997429104	11.301077444728215	4.202404150913643	8.582121455400511	2.918448357071798	9.122963180051306
HIGADO_24	22.922378662663036	5.918584385377777	3.2729231148612543	2.348376571007017	1.7945445151240125	1.491516181555904	1.245937480913163	1.0948447542438013	0.937531304876061	13.574939583586614	5.456786396396573	11.983059963022127	4.524767686936044	8.947673716771229	2.8888015493305517	11.59733413333509
HIGADO_25	31.14773877515169	7.341000234432638	3.9997173895467935	2.6770169288815926	2.0844833265617497	1.6268909166813517	1.376822376630895	1.2664495049446651	1.0546321453558571	14.780643250855096	5.712691293210676	11.905113886864461	4.2813203559562005	6.589730386250898	1.7765949713484341	2.3791542573270674
HIGADO_26	30.36920152383707	7.384314225351749	3.9312891345756564	2.650131547709409	2.0639539077678575	1.6460597229010665	1.4008458459428512	1.1739473264746725	1.0361403421391446	14.517666480933277	5.559314236905209	12.023287911975517	4.355448588803315	7.0208534171361245	1.336440768545852	3.53110501900123
HIGADO_27	25.865412638724152	6.544237759313294	3.718470373840669	2.604177812855516	2.0694104892739036	1.6981067334023774	1.3359212768238866	1.0978365780922026	0.9899961788733711	14.806150865422332	5.936121854936065	13.111677354829887	5.025732301977328	8.60021301747492	2.556200748408795	4.040334015751449
HIGADO_28	29.278042817072564	7.275023360664612	4.037484010006286	2.714533936644599	2.042835116982313	1.6431639108134566	1.3854961229757863	1.1679995882199525	1.0149797371658034	14.926761250261142	5.799329737041464	11.658392852192911	4.442304142250113	7.103269074658813	2.056587763969641	3.4537965790806076
HIGADO_29	29.369944363807686	6.902246642351201	3.767996123613581	2.5250013759503314	1.9549420117329808	1.4782304059034972	1.2859918759987394	1.1384068381702646	0.9451620795062109	13.842557529158217	5.299147203854311	11.498235374834461	4.487572696473454	7.52119589944461	2.1694877695825094	5.813881809618271
HIGADO_30	27.698271655563843	6.73905611851023	3.823671497585037	2.6232786632455176	1.925353587926927	1.5931794129756347	1.4019411426735344	1.1616907748772747	1.0461125998636907	14.272316295964352	5.624913856453289	11.47480118442938	4.2371792376950355	7.600839202448652	3.0005282051872615	5.776866564600206
HIGADO_31	31.323453533366152	7.0564419370857845	3.860634339356208	2.5570013460212015	1.9812464863620662	1.6061385379133923	1.2937036346582866	1.14031275976496	1.0117802111741685	14.428354926336716	5.461460174591482	11.1084981982615	4.0685861392086355	6.81076768359744	1.7844590330574346	4.507161059244632
HIGADO_32	30.04388149355945	7.142298486118763	3.938314177202408	2.725944982872236	2.0760215782279685	1.6760523449391551	1.3812673100088126	1.211807950424884	1.0318152602233843	14.99463231075278	5.6716379810778	11.716379915727009	4.337713631672573	7.156905688397987	1.9868710408514896	2.908455847943351
HIGADO_33	26.419518967811122	6.5836286464382	3.620422667527422	2.4621504532769856	1.8730133290522448	1.5426487892266894	1.2984100062993742	1.158986512357487	1.015186031671622	14.019225062762992	5.625833855569012	12.108538261782158	4.652224458073121	7.817794180600673	2.6255951405338696	7.176823637016888
HIGADO_34	24.45482709306646	6.179712454314981	3.409244311047103	2.418400940768548	1.82288091547849	1.5342273307329024	1.3195837465736775	1.1097924372572978	0.9377058966310994	13.767102623805695	5.51164409323721	12.036235287566601	4.628009945259575	9.186108959754522	3.0285393551960125	8.655984609310066
HIGADO_35	26.46119775938343	6.727126188989257	3.6151492632339672	2.4991034640678964	1.8258902515382893	1.5151097131404092	1.2851153678093703	1.0165002168504154	0.9450871620075907	13.251025898222471	5.1683886520023945	11.847584901391908	4.560134665897398	8.441682547089496	2.089713754000865	8.751190194374855
HIGADO_36	25.065077214399018	6.5278091439436015	3.5627667188676257	2.4719785498814053	1.9227410500765867	1.4849852293272212	1.3156457611370174	1.0655112284777917	0.9946244660685379	13.88976403701574	5.649760793341738	12.3884437316811	4.486528338964025	8.561239653805247	2.8651343404749547	7.747989742538432
HIGADO_37	31.51989061694451	7.142165363550735	3.8966181165057567	2.652610959241354	1.9181137876972874	1.577698164468394	1.307717540540492	1.160761385448949	0.9287732101410522	13.912512794142307	5.3608940946542	11.066628451615715	4.207724744654281	7.138469850799608	2.3087660246602804	3.9006548949353554
HIGADO_38	29.494970354973105	7.5235936930591105	4.118674430362138	2.686406396523392	2.072620213784442	1.624656567685449	1.4058545812492145	1.1442135045708584	1.0552221947225386	14.230254080169018	5.295004131017409	10.694077921754673	3.8179537471718032	7.081123047485318	2.785656260535262	4.969718874936031
HIGADO_39	26.860095458803666	6.656984265796314	3.6580837815932936	2.609837387434336	1.8388987529076486	1.5719119415855798	1.2505548527710595	1.078259038611557	0.9366294842743894	13.838046077262058	5.530213224391474	12.104779723003627	4.730709153038883	8.373260209772033	2.5688959904379742	6.392840658316033
HIGADO_40	26.67490869359813	6.460895654775596	3.6789331778980103	2.4668782918049112	1.853060075202865	1.4979182891506486	1.2557160037344262	1.043174675997179	0.9244368213030654	13.572628892381028	5.430597484338008	12.83121915885996	4.91976864881198	8.554727852521586	2.561807382323561	6.273328897299008
HIGADO_41	24.25979189892613	5.856296198688826	3.3599811823534305	2.2377702919430913	1.752556057260401	1.3595757280380234	1.163864509673972	1.0123773857900447	0.9053104619535752	12.823212819230271	5.21224383142904	11.949190179096604	4.8703719600515045	9.610537662119496	2.9441285088876064	10.682791324558103
HIGADO_42	25.481759148390204	6.043288766838787	3.3472389808363987	2.3299989889650266	1.7996303983294055	1.417550014495321	1.2195278900288433	1.0717677755128687	0.9153229203548616	13.348454590206572	5.418362768832288	12.309918088465606	4.845020915600133	9.303010112110904	2.6299921961086	8.519156444924134
HIGADO_43	25.96756266521465	6.277499895709469	3.571846993342296	2.4435265316828	1.8765156330941561	1.4673209449793048	1.281999055553307	1.1178868610497668	0.9969228434401237	13.631842383855917	5.416212186129817	11.401517280313055	4.253788538037746	9.110791490170906	2.5593140034053925	8.625452694021286
HIGADO_44	25.77233498228329	6.152365519849317	3.398522895541677	2.3586109376090345	1.8249692453040534	1.4492860083576287	1.211041879453538	1.0483094567167484	0.9253896487141277	13.29442347566953	5.425868588430834	11.77303825220866	5.081940193561561	9.089446118812104	2.94151657317603	8.252936224311767
HIGADO_45	23.41232613205933	5.635026044496677	3.1081828026536575	2.127326216518148	1.6353318695021875	1.3368195663876665	1.0543758702136503	0.9552009061210015	0.8467049895649719	12.20951521174655	5.222284563101411	11.908175577579156	5.054130443140645	10.400139326123803	3.673129604646282	11.421330876144761
HIGADO_46	26.20527682422497	6.57614622959649	3.5970452589840463	2.423451912062844	1.874578458895758	1.489481281294164	1.2966963056981593	1.0918545153944483	1.013634944938064	13.814503692818143	5.5408687621284125	12.061300841245712	4.384192078728023	9.052472621671146	2.2661982366877256	7.312298035632227
HIGADO_47	26.10070929024484	6.021836744724256	3.297710544987001	2.278256082580717	1.6700858388547444	1.3825705206622698	1.1524343628447529	0.9502240994127312	0.8872705107718605	12.924548863757101	5.181988647510152	11.321980967117309	4.348683920359813	8.957819516705117	3.185236448971617	10.338643640495716
HIGADO_48	24.230036244056116	5.418032185143129	2.9312394701732614	2.067491134571876	1.499691224704558	1.2253316013294822	1.0307508773318186	0.9020910169512387	0.7505096463584074	11.461196910038108	4.785094327594768	10.85219669377204	4.945060673473854	10.760248898320858	3.7224645962733423	13.418564499907212
HIGADO_49	23.876622293760583	6.120063278023161	3.4901828641844954	2.43865448493752	1.8501034082659358	1.5241611770726433	1.2106833918899833	1.076871355713336	0.9123547604576763	13.491533211788251	5.339538712241855	11.746416341680591	4.304308697977933	8.731315697452635	3.0225410018623537	10.86464932269115
HIGADO_50	26.203876252312718	6.432093027465011	3.596638521835882	2.5781332161782724	1.9520034365782584	1.567561548926345	1.2997995538381713	1.0826794669472264	0.9548684831587282	14.235897729173402	5.5865781902287175	11.609938165924424	4.221080175540296	7.787270117339573	2.230980088032141	8.660602026520907
HIGADO_51	30.124481033821652	6.542476235811486	3.3662797307542855	2.303072399774356	1.7543946609056442	1.4672390457636595	1.1298098095821103	1.0401525454334088	0.8849857554219495	12.659606872609913	5.2996008190403	11.00680573670231	4.226710780859324	7.993815932147872	2.5169644689214543	7.683604172450351
HIGADO_52	24.982623669746435	5.92536462834858	3.358718941895597	2.2780180332822093	1.6929476128942906	1.3737791770896588	1.1984047081617035	1.0131299278461432	0.8386760606356909	12.904074723356585	5.2108718050409175	11.461020514851091	4.401878208837136	8.301374682182509	3.2855071434739656	11.773610162357473
HIGADO_53	28.43806026451814	6.643309526596548	3.643395663222827	2.424158107106683	1.9382072477732457	1.515621559149739	1.2729333446492226	1.1056219469584458	0.9359886774863275	13.64032529644572	5.3848502603491175	10.60337045776982	3.9690489927535078	7.622073789506956	2.2459994712722136	8.617035394441528
HIGADO_54	27.12428279347877	6.8622630596426255	3.8460421388447976	2.6915004280744994	1.9846712596494311	1.552393050040544	1.411119745025079	1.1252909457299	1.007502249272037	14.625582666672171	5.723658675820407	11.84019138917041	4.395022856095617	7.989954296366178	2.4467520254490243	5.3737724206685105
HIGADO_55	27.035318225838957	6.2999511813134195	3.4091080389244923	2.2493208807924625	1.7531786833912117	1.4388567118706952	1.1884819035288152	1.0062180850543725	0.9199303801516401	13.745058280574055	5.548269486483788	12.05209130578779	4.845716167101433	8.222769674813819	2.2901005799663263	7.995630414406563
HIGADO_56	26.71504311880154	6.379880668469898	3.356375259207274	2.3517494331804762	1.7206801772831473	1.4350518170107576	1.2168242855916576	1.0083398880607823	0.8884620657858402	13.23551689185514	5.484622826236978	12.415811968847327	5.095151608006009	8.434681909408381	2.3205970201374564	7.941211062117329
HIGADO_57	21.627001195525423	5.072146405231742	2.8004614504646796	1.958825825404674	1.476544048217368	1.283744435584347	1.0268959923965923	0.8752946739620494	0.7660633641171732	11.766261986393005	5.064044151304099	11.629131341716514	5.062101517497042	9.947231653043817	3.430136932272352	16.214115026869173
HIGADO_58	26.323555212642543	6.3136398197131145	3.423020730354954	2.325347316029717	1.8566999333536258	1.4017653128748366	1.197200437482559	1.043029998745356	0.870774881132034	13.088651166826503	5.2365511925713175	11.455089312064205	4.594502079389808	7.484254893825802	2.345260162968056	11.040657550025745
HIGADO_59	26.378159377390702	6.662658470326062	3.651365511337845	2.533361661002343	1.916592521277926	1.5480908109267273	1.291610403984305	1.15623747135598	0.9677731026421095	14.060155714312096	5.779720517662119	12.335660191899002	4.65256268853287	8.0956919408902	2.3107253919903923	6.659634224469438
HIGADO_60	25.35559056670062	5.704029155377194	3.0033407863939603	2.017444030271356	1.5881428838680351	1.2974483368082486	1.0310600054818917	0.900761521726989	0.7949933615018258	11.66902445836071	4.773631198127302	10.069120038434038	3.754684822964987	7.924741762755258	2.988488868218616	17.127498203009157
MUSCULO_100	22.781036990428003	5.582577851344925	3.269231698728208	2.362117188225889	1.8695624200265264	1.4223756658209732	1.2178714634403331	1.0477222829104307	0.991486699270625	14.213484356017464	5.86389783499588	12.812096230645684	4.761546553309731	9.80087196978241	3.4179313310264976	8.586189464026269
MUSCULO_101	27.92482438185018	6.78938935051347	4.018691029645243	2.8284261499553285	2.1394734286721726	1.7078590464915409	1.4250508399885808	1.2611556374005028	1.1000793130981699	15.655806465611082	6.047849201791729	12.174944947194316	4.252293627557624	7.174534122283665	1.590778813318408	3.908843644627956
MUSCULO_102	30.099375300457957	7.311571206379417	3.8838084787650806	2.713819579956686	2.0508298792986106	1.760025952794148	1.3549508368267476	1.2226554960359266	1.0784524985029682	14.908313209136889	5.434665460906005	10.941330619111188	4.182140902868143	7.0760755751168345	1.6815715139204082	4.30041348992287
MUSCULO_103	27.704982792940868	6.398508628512315	3.4352002093437797	2.4118008336192496	1.8064540326238325	1.4572164360156281	1.233937939631764	1.0431199395094413	0.9217947252801326	13.580589011868971	5.288519778954847	11.671368965929393	4.470415837845553	7.120254108214141	2.1954364814154075	9.26040027829461
MUSCULO_104	27.753595162171802	6.9666645927532524	3.9110536200629835	2.7388915568109624	2.053976098628413	1.73401883194901	1.4356659142400903	1.2404294783930163	1.10890880554276	15.582635323210212	6.196043859220653	12.366749854718355	4.152053914252481	6.672671678824016	1.638058125731652	4.448583183490299
MUSCULO_105	27.458092862114714	6.55549044916135	3.818559836235541	2.5832231755750654	1.982301607252333	1.617030882911834	1.30803405982882	1.0784838151912346	1.0020662905404922	13.813821877839096	5.321467635348881	10.956107062188634	4.475320300599018	8.039763488267134	2.4430540743325393	7.547182582613549
MUSCULO_106	25.84391945600769	6.22077791341972	3.443739695209557	2.3806461801138235	1.7982895851291314	1.4370954604037212	1.2567375539660193	1.064655996952317	0.9217830387932332	13.286001715638971	5.089057101007827	11.835157902093398	5.452863978630336	10.529850102404517	2.8969466756191133	6.542477644610413
MUSCULO_107	28.249068412400668	6.735144427842386	3.842088449591575	2.6645213031042196	2.035305232766916	1.6045480631912923	1.4016267198090426	1.2066174626127244	1.021143247860489	14.30865903465903	5.5716465669413076	11.258492441336157	4.327789252713764	7.7766407855891435	1.6335078574597979	6.363200742121629
MUSCULO_108	25.472490594837467	6.21984258372515	3.5806917504114333	2.543136361231471	1.8913238544121216	1.5727930491246365	1.3699340624220169	1.1399828235985747	1.0199304045929862	14.249029741505048	5.671088341952386	12.170891709175603	4.663290609900651	9.464587557747736	2.5983244391903817	6.372662116172149
MUSCULO_109	29.23746188420835	7.492672554435065	4.011862953605389	2.8859614565814224	2.1682741401167744	1.7915065016160396	1.389263837875244	1.2908519247555352	1.0958608975232	15.637295598869935	5.994453686813848	12.007815054914122	4.1043620564224375	6.2142481548102575	1.4242795568913402	3.253829740560902
